100
7.42 2.73
3.16 7.43
6.07 7.49
9.42 7.2
2.86 9.56
5.84 2.69
3.04 3.06
8.61 7.22
5.25 3.22
2.47 9.38
4.62 3.91
6.03 7.15
3.63 5.87
2.84 8.44
5.19 6.19
8.46 0.47
1.3 9.19
6.02 2.99
0.14 5.1
1.15 0.89
6.81 4.96
8.21 5.74
9.31 0.32
2.26 3.02
7.75 7.86
9.52 0.75
8.7 2.12
3.59 2.89
8.93 3.76
2.11 5.46
7.72 7.72
0.9 1.17
1.71 8.89
5.55 2.09
5.63 2.92
2.14 8.94
9.21 6.46
8.78 4.6
3.61 5.31
3.98 8.54
6.15 3.61
2.34 1.3
0.51 1.05
8.3 1.34
9.79 6.84
7.29 2.87
0.88 5.98
2.17 4.1
7.57 4.32
0.13 6.67
8.58 4.75
5.11 7.05
9.15 5.6
6.99 8.73
5.77 2.11
7.58 5.79
9.19 2.9
0.03 7.08
9.61 4.57
7.84 5.96
5.15 6.12
2.75 8.69
2.82 0.15
4.19 0.18
0.86 0.2
2.05 6.04
3.47 1.31
5.28 0.31
7.86 8.79
8.53 9.83
6.86 2.23
6.65 8.08
7.12 0.32
2.07 3.99
7.13 1.42
9.51 0.34
7.74 0.4
9.93 2.51
5.71 0.9
3.31 8.05
8.43 9.46
2.92 6.04
6.33 1.6
9.08 9.84
9.83 3.78
4.93 7.8
8.92 2.72
2.65 9.73
2.18 3.46
3.68 5.17
1.52 0.83
3.34 8.9
2.35 1.7
0.05 4.16
0.44 9.15
2.91 5.75
5.46 6.95
3.52 3.27
3.18 7.34
0.69 2.52
0
