71 795 43 49
43 7 543847 2
49 2 448117 1
28 46 294786 1
15 63 153585 2
69 44 408159 2
52 34 864317 2
53 7 721262 1
68 63 531932 1
63 54 159706 1
12 7 13852 2
29 49 321072 1
57 36 129691 2
55 15 488955 2
8 70 262985 2
57 69 304780 2
51 14 679668 1
11 59 38002 2
25 4 503794 2
18 65 580111 1
61 37 529178 2
60 68 72187 2
9 67 950706 1
35 14 767451 2
43 62 879280 1
40 38 623595 2
60 43 145305 1
57 59 623592 2
4 32 851753 1
25 26 169737 1
16 29 827404 2
60 11 785939 1
28 69 314659 2
36 38 412825 1
51 25 231887 1
25 28 889526 1
17 61 930582 1
9 51 795109 2
20 60 31695 2
69 49 414112 2
57 2 544882 2
33 55 600095 1
44 50 806298 1
66 7 827141 1
9 23 994608 1
24 31 747759 1
67 29 947150 1
61 6 113906 2
46 51 456599 2
37 6 877283 2
18 59 502928 1
21 67 330902 2
30 14 277747 2
2 64 783560 2
57 22 264707 1
45 60 324767 1
9 23 713694 2
57 67 149126 1
16 27 264051 2
21 4 904268 1
29 8 439716 2
51 67 919819 1
61 4 59202 1
43 48 518970 2
3 71 369545 2
44 64 361028 2
17 7 849958 1
62 22 421248 2
30 56 9452 2
40 47 586067 1
57 40 377347 2
58 32 338116 2
3 3 646770 1
4 61 338717 1
55 49 959833 2
5 40 554955 2
29 1 762251 1
11 51 669697 2
3 9 674428 2
1 58 451637 2
42 42 258169 2
40 46 552674 2
34 32 952717 2
67 18 823587 2
23 60 562594 1
4 71 620953 1
57 37 955778 1
70 33 270241 1
60 45 243644 1
67 65 529612 1
4 67 935150 2
18 48 598493 2
5 32 170398 1
22 4 648973 2
63 27 879564 1
9 64 636971 1
4 48 565601 1
8 37 398555 1
9 6 706743 2
17 37 55534 2
38 62 331148 1
21 31 841753 1
31 62 907712 1
46 38 725812 2
23 69 772868 1
61 60 175780 2
3 53 850709 1
67 30 754520 1
71 49 591393 1
47 67 726327 1
20 44 786677 2
55 10 927380 1
7 31 505589 2
41 66 332891 1
70 30 778879 2
26 68 159097 1
50 27 976579 2
57 5 86655 2
70 10 950362 2
3 36 297402 1
4 20 324910 1
42 51 797518 2
69 15 615140 2
60 49 12408 2
18 13 899569 1
13 39 957140 1
42 41 690944 1
51 42 699241 1
31 21 569692 1
9 41 618291 2
29 40 455519 1
41 68 961822 1
63 18 911084 1
62 7 158935 2
47 6 96997 2
12 68 424591 2
29 8 518756 2
53 40 341365 1
46 33 636189 2
50 12 742389 1
54 54 68397 1
59 39 159212 1
46 59 674791 2
50 36 797273 1
45 23 826467 2
63 42 514953 1
32 22 270872 2
45 63 946470 2
17 41 645277 1
41 2 262665 1
61 12 105309 1
38 11 721111 1
61 38 331514 2
50 71 645160 2
14 15 193372 2
8 60 917817 2
21 37 314912 2
21 71 69848 2
22 31 217553 1
38 26 948238 2
71 9 293609 1
3 62 761357 1
30 53 452736 1
12 30 883647 1
36 68 619185 2
36 58 53119 2
39 19 109063 1
17 1 804765 1
71 9 959919 1
17 19 222930 2
6 55 838442 1
58 57 203890 2
44 50 194079 2
56 12 458609 1
39 61 864363 1
52 61 466303 1
62 21 415360 2
39 9 450486 2
63 28 107359 1
9 36 314195 1
32 64 498402 2
59 33 209724 1
24 67 846481 1
62 1 724333 1
56 30 404345 1
25 1 545955 2
67 4 881927 2
9 21 138582 2
35 44 358812 2
2 5 638007 1
69 37 752994 1
66 52 935605 1
60 7 557551 1
42 29 344942 2
10 28 179502 2
42 19 851048 2
58 14 793011 1
24 7 762801 2
31 32 48978 1
9 27 918518 2
67 18 870571 2
30 38 54318 1
44 15 246961 1
16 12 807069 2
41 15 971666 1
16 48 628811 1
17 55 850335 2
20 43 334929 1
35 4 67073 2
45 21 279007 1
48 21 335244 2
24 28 131617 1
50 41 295613 2
3 68 742597 1
48 21 747119 1
53 50 134809 1
15 46 869598 1
8 17 605747 1
18 18 910857 2
13 51 219095 2
25 23 181644 1
16 12 356186 2
45 14 451119 2
11 8 667218 1
56 34 804374 2
28 40 17966 2
36 34 35815 2
7 38 875666 1
27 9 125936 1
14 62 246061 2
42 1 364204 1
6 25 152232 1
32 67 186441 2
38 41 354492 1
35 22 857719 1
68 8 117478 1
31 8 816053 2
23 44 152859 1
35 11 920969 1
10 36 725164 2
51 32 69424 1
19 65 455258 1
69 23 213446 1
27 29 755599 2
36 13 673629 2
8 68 543571 2
4 38 419539 1
3 67 625996 2
8 61 454960 1
70 26 879744 2
20 52 866022 1
42 59 140392 1
57 70 133965 1
48 69 880875 2
62 18 162365 1
64 26 463337 2
30 68 725620 2
59 69 787762 1
24 35 717017 1
35 12 993847 1
23 31 198160 1
1 50 407070 2
7 9 521292 1
51 20 49924 2
22 26 8342 2
70 40 713122 1
25 68 249969 2
42 60 235368 1
7 52 233390 2
57 9 316117 1
44 62 741562 2
26 39 823523 1
15 41 536228 1
71 18 321078 1
5 42 904307 2
6 7 138436 2
15 24 623815 2
35 42 74008 1
44 4 468906 2
28 17 529032 2
43 15 227682 2
49 68 794985 1
7 42 866286 1
59 32 706982 1
43 42 343271 1
54 4 441146 2
54 16 792301 1
46 48 377557 1
32 20 205910 1
6 67 252235 2
9 57 777904 1
45 24 631105 2
15 60 595476 1
30 46 225295 1
5 50 9206 1
41 18 684292 1
66 71 539282 1
57 65 358202 1
67 56 22445 2
42 22 758998 2
20 47 381497 2
2 53 794881 2
38 43 988363 1
70 43 700369 1
12 57 526120 1
13 6 784657 1
29 60 422389 1
16 70 126606 2
64 61 549742 2
15 8 345215 1
9 63 854015 2
68 13 938299 2
32 49 523300 1
52 8 978602 2
58 67 424476 2
69 17 68605 1
53 39 829970 1
63 2 328986 2
29 56 852466 2
9 56 963446 2
6 13 546505 2
44 34 175035 2
62 9 173037 2
24 69 480267 1
32 52 769587 1
15 17 853794 1
27 60 595026 1
39 66 739404 1
53 49 780053 1
17 22 835425 1
7 54 207021 1
40 62 59056 2
20 7 299342 2
8 25 926993 2
51 64 861617 1
5 20 408802 1
67 10 528480 2
43 9 752622 1
56 29 587329 2
33 1 195580 1
38 39 558921 2
5 17 989547 2
17 12 44910 1
65 12 946690 2
18 68 130341 2
36 6 436208 2
55 45 627275 2
31 56 350828 2
57 59 171607 2
15 58 81040 1
62 14 744333 1
37 53 728749 2
54 70 202346 2
1 25 421084 1
30 33 526663 2
13 68 543125 2
46 13 22848 1
70 29 904549 2
43 25 25623 2
10 25 902785 2
19 57 976927 2
48 44 824503 2
15 24 28115 1
28 54 115198 1
29 18 65333 1
34 8 17541 1
9 52 601770 2
17 34 256169 1
27 5 761055 2
70 52 815957 1
58 67 550446 2
32 62 187657 2
4 46 243214 2
49 64 489297 2
13 40 335434 1
69 19 642525 1
67 35 237272 2
30 16 225974 2
34 28 532369 2
62 33 766322 1
37 69 461948 2
70 3 407957 2
52 40 796140 1
34 24 695983 1
40 41 627584 1
15 58 269987 2
56 18 53207 2
58 25 915948 1
32 7 548456 2
53 67 977764 1
51 24 441798 1
50 44 532121 1
38 51 401533 1
46 22 121897 1
63 60 169370 2
19 63 563012 2
69 32 418024 2
48 50 951566 1
64 15 824246 2
27 9 211866 1
12 64 436366 2
18 55 627421 2
12 58 551649 2
1 16 143702 2
69 49 436300 2
69 32 295528 1
28 13 537785 2
53 15 636338 1
28 64 285717 1
45 54 694395 1
40 36 453678 1
10 56 775997 1
30 34 648780 1
39 28 427039 1
64 69 727121 2
12 58 487555 1
2 33 572660 2
15 41 782230 1
60 41 752638 1
63 23 991031 2
59 10 192057 2
28 57 528779 1
58 48 27070 1
61 42 979582 2
58 34 816696 2
46 12 960369 1
51 7 198698 2
61 21 201480 2
42 12 497202 2
68 7 397774 2
10 14 337233 2
13 53 95288 2
41 23 752091 1
13 39 821642 1
6 29 503271 2
26 66 912890 2
22 23 580400 2
64 56 680244 2
48 1 984865 2
34 20 426528 2
30 54 493131 1
43 1 286290 2
10 56 384237 1
42 3 167661 1
50 50 710037 2
68 28 845485 1
24 49 34597 2
56 46 236275 1
38 7 320916 1
23 7 713775 1
30 16 436311 1
28 66 407332 1
29 56 467178 1
56 63 403378 1
47 35 717254 2
48 3 79234 1
44 12 146585 2
11 6 932335 1
5 5 934157 1
50 50 466439 2
35 13 438195 1
3 21 789256 2
71 70 198577 1
64 43 545335 2
26 29 520421 1
45 67 97535 1
36 54 451614 2
16 46 530839 2
68 22 37920 2
47 46 687842 2
40 70 292529 2
3 54 11831 2
53 70 172406 1
19 5 50017 2
42 36 668262 1
69 56 465607 2
50 41 655091 2
56 44 730368 2
67 46 60728 1
11 63 349274 1
46 31 574290 1
49 39 354532 2
19 50 48358 2
9 6 762222 2
35 7 832999 2
41 13 697955 1
48 46 980322 2
16 53 401691 1
7 13 943614 1
41 42 983459 1
2 37 311495 1
52 33 289578 1
63 33 589794 1
42 8 623404 2
55 6 728918 2
63 52 841521 2
42 28 129115 1
68 28 179312 1
70 51 357194 1
56 67 855103 2
48 20 636788 2
12 17 259605 1
26 28 430559 2
24 3 497137 2
64 27 80626 2
46 28 855409 1
33 21 291576 2
30 60 126620 2
47 16 698790 1
10 67 647914 1
13 50 560255 1
4 67 245117 1
57 27 771953 2
56 56 644461 2
5 11 923994 2
39 29 5236 1
34 27 691503 2
32 61 653657 1
64 13 302305 2
46 25 108417 1
67 24 860108 2
70 71 764987 2
42 31 902973 1
29 69 309841 2
53 22 769384 2
53 71 330062 1
18 31 443483 1
1 55 982946 1
54 9 9506 1
63 56 367825 2
16 10 469134 2
3 33 456639 2
45 54 160382 1
52 13 115783 2
21 54 639248 1
38 35 669069 2
30 3 178882 1
1 48 33920 2
1 60 429650 1
59 44 516798 1
50 51 918184 1
47 61 125118 2
42 43 64115 1
16 11 324480 1
46 21 460318 1
44 9 771490 1
33 35 397600 2
55 59 166002 2
54 64 229234 1
55 47 627081 1
47 56 973091 1
17 65 253391 1
15 5 656560 2
53 32 512232 2
55 36 648308 1
4 15 524157 1
50 5 432252 1
42 71 545185 2
32 5 831549 1
56 69 483629 1
26 51 100824 1
12 46 100837 1
25 33 444377 1
30 44 974265 2
45 11 396483 2
15 41 17963 2
55 12 509591 1
50 49 259171 1
25 7 243944 1
26 55 321791 1
17 34 791394 2
10 57 1147 1
44 66 791481 1
30 71 812988 1
1 8 805040 2
46 4 579263 1
18 16 957697 1
15 58 783125 2
15 21 866596 1
56 55 846669 2
3 69 929168 1
36 60 647250 1
60 30 716486 2
39 37 517705 2
9 11 614177 1
14 62 101524 1
65 41 170925 2
24 46 813497 2
4 67 435332 2
1 24 282510 2
44 53 580998 1
38 26 157868 1
70 49 427875 1
44 29 751466 1
35 9 934364 1
63 34 529802 2
21 59 316268 1
54 5 247183 2
5 32 706180 1
19 51 305782 2
39 21 29855 2
44 46 550217 2
14 1 855059 2
8 63 658390 1
18 4 86217 1
60 2 892360 2
31 3 693626 2
42 15 601186 1
40 17 877452 2
9 14 554032 2
17 18 678508 1
10 70 419816 1
48 37 565401 1
8 42 863202 2
30 36 591971 1
44 7 611393 1
2 59 29081 1
23 57 628771 1
36 6 54894 2
13 39 4065 1
14 48 622484 1
16 67 515753 1
50 20 558684 1
12 61 829733 1
16 43 484753 1
31 36 653005 2
27 55 774312 2
59 43 94758 2
52 27 956063 2
56 19 290846 2
15 6 777281 1
35 54 993760 1
63 19 348802 1
4 56 124263 2
24 45 39468 1
46 42 903520 1
51 49 4158 2
56 10 356687 1
53 60 276149 2
57 13 953135 1
8 63 54764 2
45 63 896051 1
58 17 23915 2
28 24 212780 1
41 3 681607 1
17 43 330949 1
8 63 413991 2
59 22 993266 2
56 46 460089 1
5 64 822405 2
58 19 623573 1
28 69 852343 2
53 28 615508 1
65 49 551873 1
16 12 611467 2
31 55 554242 2
6 32 991129 1
43 58 297239 1
16 62 110427 1
44 30 795612 1
50 11 447304 2
34 18 743975 1
57 64 707766 1
9 11 788890 1
64 52 29079 1
31 2 858308 1
28 49 203009 2
37 65 595122 2
8 44 477586 1
36 13 353760 2
14 69 679622 1
56 10 104515 2
51 32 342632 2
9 60 25924 2
18 49 849917 2
28 32 49604 2
43 43 17763 1
57 43 110248 1
23 57 835949 1
49 28 61459 2
56 42 798934 1
3 36 834742 2
23 9 299269 1
15 21 401022 1
32 52 489067 1
12 33 209164 1
21 57 133493 1
49 41 590182 2
13 58 171858 2
48 5 976956 2
36 23 599794 2
50 42 198666 1
9 60 624983 2
61 3 927341 2
24 61 421484 1
67 49 473714 1
8 51 505350 1
26 17 626480 1
23 57 124904 2
57 32 725529 2
61 55 234756 2
49 44 405579 1
23 42 431185 1
42 13 865360 1
21 67 347146 2
39 42 428049 2
26 69 97183 2
57 68 888849 1
63 68 43056 1
35 37 426164 2
62 40 378437 1
44 44 870127 2
50 29 787276 1
29 19 911719 2
65 67 129125 1
60 21 533429 2
9 57 216842 2
60 50 138998 2
14 56 347881 1
36 43 551643 2
14 70 918101 1
5 42 316881 1
49 12 670742 2
11 52 429939 2
24 58 706596 1
15 51 127766 1
41 20 403715 2
24 47 919603 2
41 57 912736 1
24 70 273731 1
60 62 14223 1
44 59 919397 1
44 33 753909 2
53 42 6850 1
19 1 454917 1
42 59 916448 1
42 4 767213 2
38 7 902810 1
4 10 896402 2
16 44 720264 1
29 13 811564 1
64 31 169822 2
27 31 593711 2
23 23 588403 1
56 39 162192 1
28 35 821088 1
1 14 948469 1
22 11 915852 1
58 24 114355 1
51 15 498886 1
17 29 110353 1
64 37 594697 2
26 30 497196 1
58 12 347662 2
71 33 225296 2
56 32 621008 1
38 21 383210 1
2 9 425394 1
2 60 349008 1
19 18 601622 1
26 30 897590 2
18 46 610845 1
56 65 72304 2
19 24 71294 2
50 27 977607 2
39 10 360691 2
46 51 249582 2
24 65 955001 1
10 13 597042 2
70 53 375135 2
26 65 168621 2
3 70 780987 2
18 47 69948 1
61 65 928046 1
13 10 987793 1
17 25 202173 2
26 66 915466 2
65 3 834867 2
45 66 881437 2
33 69 718785 1
16 59 792122 2
29 59 716073 2
66 39 440900 1
17 40 299962 1
31 12 672346 2
25 39 385707 2
65 29 361287 1
46 60 75276 1
30 38 126728 1
59 29 951202 1
54 13 690464 1
46 18 146471 2
6 26 527492 2
10 8 541881 2
27 58 666321 1
9 25 699405 1
24 62 825322 2
43 37 133070 2
